KNN - DIGIT DATA

Processing K value = 1
0.967786154901
[[  -1    0    0    0    0    0    0    0    0    0]
 [   0  -53    0    0    0    0    0    0    0    0]
 [   0    0 -126    2    0    0    0    2    1    0]
 [   0    0    0  114    0    3    0    0    4    0]
 [   2    2    0    1  119    0    0    0    0    4]
 [   2    0    1    3    0  105    2    0    2    0]
 [   2    0    0    0    0    0  117    0    0    0]
 [   0    0    0    0    2    0    0  121    0    2]
 [   0    2    0    1    0    0    1    1  111    0]
 [   0    0    0    0    2    0    0    3    0 -119]]
Processing K value = 2
0.956134338588
[[ -16    0    0    0    0    0    0    0    0    0]
 [   0  -49    0    0    0    0    0    0    0    0]
 [   2    2 -117    1    0    0    0    1    4    1]
 [   2    1    0  100    0    0    0    0    3    0]
 [   0    1    1    0  126    0    0    0    1    7]
 [   5    0    0    3    1  104    1    0    1    0]
 [   5    0    0    0    0    0  123    0    0    0]
 [   0    1    1    0    3    0    0  124    0    2]
 [   2    1    0    2    0    1    1    1  116    0]
 [   1    0    0    0    1    0    0    3    1  116]]
Processing K value = 3
0.96847155586
[[ -18    0    0    0    0    0    1    0    0    0]
 [   0  -40    0    0    0    0    0    0    0    0]
 [   2    2 -119    0    0    0    0    2    0    0]
 [   1    0    0 -125    0    2    0    0    0    1]
 [   1    2    1    0  110    0    1    1    0    2]
 [   3    0    0    4    0   85    1    0    0    1]
 [   3    0    0    0    2    0 -126    0    0    0]
 [   0    1    1    0    0    0    0 -111    0    2]
 [   0    1    1    2    1    0    0    0  105    0]
 [   1    0    0    0    1    0    0    2    0  116]]
Processing K value = 4
0.966415352981
[[ -14    0    1    1    0    1    0    0    0    0]
 [   0  -53    0    0    0    0    0    0    0    0]
 [   1    0 -101    0    0    0    0    0    4    2]
 [   0    0    0  122    0    0    0    0    0    0]
 [   0    3    1    0  104    0    0    0    0    2]
 [   1    0    1    3    0  100    2    0    1    1]
 [   2    0    0    0    1    0 -120    0    0    0]
 [   0    1    0    0    1    0    0 -128    0    7]
 [   2    1    0    3    1    1    1    0  105    0]
 [   0    0    0    0    0    0    0    3    0  115]]
Processing K value = 5
0.962988348184
[[ -22    0    0    0    0    1    0    0    0    0]
 [   0  -51    0    0    0    0    0    0    0    0]
 [   3    2  125    1    1    0    0    1    1    0]
 [   0    0    1 -121    0    1    0    0    1    1]
 [   0    5    0    0  118    0    1    0    0    5]
 [   3    0    1    2    1  107    2    0    0    1]
 [   1    0    0    0    1    0  124    0    0    0]
 [   0    0    0    0    2    0    0 -127    0    2]
 [   0    2    0    3    0    0    0    1  105    0]
 [   1    0    0    0    2    0    0    3    1  123]]
[0.9677861549006168, 0.9561343385880741, 0.9684715558601782, 0.9664153529814942, 0.9629883481836875]

We can see here that our best result is when K = 3

Runtime: 830.200028896 seconds
Accuracy:k = 1 - 68.9%
2 - 69.1%
3 - 70.1%
4 - 69.0%
5 - 68.5% 

Spam Data Raw

Processing K value = 1
0.796959826276
[[-38  89]
 [ 98   4]]
Processing K value = 2
0.795874049946
[[  11   41]
 [-109  -46]]
Processing K value = 3
0.809989142237
[[-45  74]
 [101  23]]
Processing K value = 4
0.809989142237
[[   2   46]
 [-127  -24]]
Processing K value = 5
0.811074918567
[[-34  91]
 [ 83  13]]
[0.7969598262757872, 0.7958740499457112, 0.8099891422366993, 0.8099891422366993, 0.8110749185667753]

Runtime 295.327699312 seconds
Accuracy
k = 1 18.4%
k = 2 27.6%
k = 3 27.98%
k = 4 14%
k = 5 21%

Spam Data Normalized

Processing K value = 1
0.837133550489
[[-5 89]
 [61  8]]
Processing K value = 2
0.801302931596
[[  -4   41]
 [-114  -26]]
Processing K value = 3
0.815418023887
[[-46  63]
 [107  29]]
Processing K value = 4
0.807817589577
[[ 12  57]
 [120 -36]]
Processing K value = 5
0.793702497286
[[-19  87]
 [103 -18]]
[0.8371335504885994, 0.8013029315960912, 0.8154180238870793, 0.8078175895765473, 0.7937024972855592]

Runtime: 293.228666782 seconds
Accuracy
K = 1 7%
K = 2 16%
K = 3 30.6%
K = 4 21%
K = 5 79%
